c 01 Esmeralda
81
1070
91
84
98
99
100
97
73
74
90
103
104
105
106
92
93
83
86
87
89
77
78
75
79
76
116
118
117
82
85
94
119
120
115
110
111
88
95
96
112
113
114
163
164
165
167
966
975
976
c 02 Jesus
1071
162
721
192
193
176
214
227
228
225
191
208
141
102
101
126
130
142
143
204
122
216
217
184
213
219
183
205
206
207
218
172
121
80
140
123
181
179
215
220
222
124
125
226
229
230
212
901
937
941
c 03 Angela
209
361
561
211
180
174
169
171
170
168
1072
1073
1074
175
186
194
203
182
196
197
198
199
200
201
342
177
178
202
187
173
189
188
190
1075
1076
185
210
290
301
302
305
306
307
308
317
320
321
322
325
195
c 04 Mayleth
271
273
274
275
276
277
278
279
280
281
282
283
284
285
286
287
288
289
291
292
293
294
295
296
297
298
299
300
303
304
309
310
311
312
313
314
315
316
318
319
323
324
326
327
328
888
894
899
1035
1037
c 05 Yahir
270
272
331
332
333
334
335
337
338
343
344
345
346
347
348
349
350
351
352
353
354
355
356
357
358
359
360
513
514
515
516
517
518
519
520
560
893
896
998
999
1000
1001
1002
1030
1031
1066
1067
1068
1069
1077
c 06 Angelina
7
8
9
10
11
12
13
14
15
16
17
18
19
20
21
22
23
24
25
26
27
28
29
30
31
32
33
34
35
36
37
38
39
40
42
43
44
45
46
51
52
267
268
269
329
330
336
339
340
341
c 07 Isabel
1
2
3
4
5
6
41
47
48
49
50
53
54
55
56
57
58
59
60
61
62
63
64
65
66
67
68
69
70
71
72
672
673
674
678
679
680
681
682
683
684
685
686
688
755
775
900
1078
1079
1080
c 08 Balbina
265
550
661
662
663
664
666
670
751
752
757
758
762
763
764
766
768
769
770
771
772
773
776
777
814
815
816
817
818
819
820
821
822
823
824
825
833
883
884
885
886
898
1081
1082
1083
1084
1085
1086
1087
1088
c 09 Francia
761
834
835
836
837
838
839
840
841
842
843
844
845
846
847
848
849
850
851
852
853
854
855
856
857
858
859
860
861
862
863
864
865
866
867
868
869
870
871
872
873
874
875
876
877
878
879
880
881
882
c 10 Fabiola
522
523
524
525
526
527
528
529
530
531
532
533
534
535
536
537
538
539
540
541
542
543
544
545
546
547
548
551
665
695
696
697
698
699
700
701
702
703
710
711
712
719
722
726
741
742
809
810
897
1089
c 11 Marlen
463
478
479
480
481
488
492
500
501
502
505
677
693
694
704
705
706
707
708
709
713
714
715
716
717
718
720
723
724
725
729
734
735
736
737
738
739
740
743
744
745
746
753
756
759
760
774
887
1064
1065
c 12 Nora
449
452
453
454
455
456
457
458
459
460
461
462
464
465
468
469
470
471
472
473
474
475
476
477
482
483
484
485
486
487
489
490
493
494
497
498
503
504
506
507
508
747
748
749
813
902
931
932
935
936
c 13 Erick
450
451
466
467
491
499
598
599
600
601
602
603
604
605
606
607
608
609
610
611
612
613
614
615
616
628
632
639
650
651
652
656
727
728
730
731
732
733
905
906
907
908
909
910
911
912
913
914
915
916
c 14 Maricela
570
580
583
586
587
588
617
618
619
620
621
622
623
624
625
626
627
629
630
631
633
634
635
636
637
638
640
641
642
643
645
646
647
648
649
653
654
655
657
658
659
660
965
1020
1032
1033
1049
1050
1090
1091
c 15 Ernesto
365
366
367
371
376
380
381
382
383
385
386
387
404
410
428
436
564
565
569
571
572
573
574
575
576
577
578
579
581
582
584
585
589
591
592
593
594
595
596
597
644
799
889
890
891
892
944
1004
1034
c 16 Daniela
362
363
368
369
370
374
375
378
379
390
391
392
394
397
398
399
400
401
402
403
405
407
408
414
415
416
418
423
424
427
432
433
434
438
441
442
443
444
445
447
448
563
566
567
568
765
767
895
903
1003
c 17 Mitl
155
158
159
160
161
231
232
233
234
236
237
238
241
242
243
244
245
246
247
249
250
251
364
372
373
377
388
389
393
395
396
409
411
412
413
417
419
420
421
422
425
426
429
430
431
435
437
439
446
754
c 18 Carlos Lerma
107
108
109
127
128
129
131
132
133
134
135
136
137
138
139
144
145
146
147
148
149
150
151
152
153
154
156
157
166
223
224
235
239
240
248
252
253
254
255
256
257
258
259
260
261
262
263
264
904
1092
c 19 Rafael
549
552
553
554
555
556
557
558
559
562
590
667
669
671
675
676
687
689
690
691
692
800
801
802
803
804
805
806
807
808
826
827
828
829
830
831
832
1093
1094
668
